001000 0000000 00000008 X XXXXXX 00000000 0 0000000 00000000 0 0000000 00000000 00 0 ns
001000 0000000 00000008 1 001000 00000000 0 0000000 00000000 0 0000000 00000000 00 0 ns
001000 0000000 00000008 1 001000 0A000000 0 0000000 00000000 0 0000000 00000000 00 1 ns
001000 0000000 00000008 1 001001 0A000000 0 0000000 00000000 0 0000000 00000000 00 10000 ns
001001 0000000 00000008 1 001001 0A000000 0 0000000 00000000 0 0000000 00000000 00 11000 ns
001001 0000000 00000008 1 001010 0A000000 0 0000000 00000000 0 0000000 00000000 00 11000 ns
001001 0000000 00000008 1 001010 04000008 0 0000000 00000000 0 0000000 00000000 00 11001 ns
001001 0000000 00000008 1 001010 04000008 0 0000000 00000000 0 0000000 00000000 08 11001 ns
001010 0000000 00000008 1 001010 04000008 0 0000000 00000000 0 0000000 00000000 08 12000 ns
001010 0000000 00000008 1 001011 04000008 0 0000000 00000000 0 0000000 00000000 08 12000 ns
001010 0000000 00000008 1 001011 06000033 0 0000000 00000000 0 0000000 00000000 08 12001 ns
001010 0000000 00000008 1 001010 06000033 0 0000000 00000000 0 0000000 00000000 08 12001 ns
001010 0000000 00000008 1 001010 06000033 0 0000000 00000000 0 0000000 00000000 08 605000 ns
